 0.00000000e+00  5.00000008e+00 
 1.00000000e-02  4.99999999e+00 
 2.00000000e-02  4.99999999e+00 
 3.00000000e-02  4.99999999e+00 
 4.00000000e-02  4.99999999e+00 
 5.00000000e-02  4.99999999e+00 
 6.00000000e-02  4.99999999e+00 
 7.00000000e-02  4.99999999e+00 
 8.00000000e-02  4.99999999e+00 
 9.00000000e-02  4.99999999e+00 
 1.00000000e-01  4.99999999e+00 
 1.10000000e-01  4.99999999e+00 
 1.20000000e-01  4.99999999e+00 
 1.30000000e-01  4.99999999e+00 
 1.40000000e-01  4.99999999e+00 
 1.50000000e-01  4.99999999e+00 
 1.60000000e-01  4.99999999e+00 
 1.70000000e-01  4.99999999e+00 
 1.80000000e-01  4.99999999e+00 
 1.90000000e-01  4.99999998e+00 
 2.00000000e-01  4.99999998e+00 
 2.10000000e-01  4.99999998e+00 
 2.20000000e-01  4.99999998e+00 
 2.30000000e-01  4.99999997e+00 
 2.40000000e-01  4.99999997e+00 
 2.50000000e-01  4.99999997e+00 
 2.60000000e-01  4.99999996e+00 
 2.70000000e-01  4.99999995e+00 
 2.80000000e-01  4.99999994e+00 
 2.90000000e-01  4.99999992e+00 
 3.00000000e-01  4.99999990e+00 
 3.10000000e-01  4.99999988e+00 
 3.20000000e-01  4.99999985e+00 
 3.30000000e-01  4.99999981e+00 
 3.40000000e-01  4.99999976e+00 
 3.50000000e-01  4.99999969e+00 
 3.60000000e-01  4.99999961e+00 
 3.70000000e-01  4.99999950e+00 
 3.80000000e-01  4.99999937e+00 
 3.90000000e-01  4.99999919e+00 
 4.00000000e-01  4.99999898e+00 
 4.10000000e-01  4.99999870e+00 
 4.20000000e-01  4.99999835e+00 
 4.30000000e-01  4.99999792e+00 
 4.40000000e-01  4.99999737e+00 
 4.50000000e-01  4.99999668e+00 
 4.60000000e-01  4.99999582e+00 
 4.70000000e-01  4.99999476e+00 
 4.80000000e-01  4.99999343e+00 
 4.90000000e-01  4.99999180e+00 
 5.00000000e-01  4.99998979e+00 
 5.10000000e-01  4.99998731e+00 
 5.20000000e-01  4.99998429e+00 
 5.30000000e-01  4.99998060e+00 
 5.40000000e-01  4.99997611e+00 
 5.50000000e-01  4.99997068e+00 
 5.60000000e-01  4.99996410e+00 
 5.70000000e-01  4.99995618e+00 
 5.80000000e-01  4.99994665e+00 
 5.90000000e-01  4.99993522e+00 
 6.00000000e-01  4.99992153e+00 
 6.10000000e-01  4.99990517e+00 
 6.20000000e-01  4.99988566e+00 
 6.30000000e-01  4.99986245e+00 
 6.40000000e-01  4.99983487e+00 
 6.50000000e-01  4.99980219e+00 
 6.60000000e-01  4.99976354e+00 
 6.70000000e-01  4.99971797e+00 
 6.80000000e-01  4.99966438e+00 
 6.90000000e-01  4.99960157e+00 
 7.00000000e-01  4.99952820e+00 
 7.10000000e-01  4.99944283e+00 
 7.20000000e-01  4.99934391e+00 
 7.30000000e-01  4.99922979e+00 
 7.40000000e-01  4.99909875e+00 
 7.50000000e-01  4.99894901e+00 
 7.60000000e-01  4.99877876e+00 
 7.70000000e-01  4.99858618e+00 
 7.80000000e-01  4.99836948e+00 
 7.90000000e-01  4.99812688e+00 
 8.00000000e-01  4.99785669e+00 
 8.10000000e-01  4.99755728e+00 
 8.20000000e-01  4.99722715e+00 
 8.30000000e-01  4.99686485e+00 
 8.40000000e-01  4.99646909e+00 
 8.50000000e-01  4.99603867e+00 
 8.60000000e-01  4.99557252e+00 
 8.70000000e-01  4.99506965e+00 
 8.80000000e-01  4.99452919e+00 
 8.90000000e-01  4.99395039e+00 
 9.00000000e-01  4.99333253e+00 
 9.10000000e-01  4.99267501e+00 
 9.20000000e-01  4.99197727e+00 
 9.30000000e-01  4.99123881e+00 
 9.40000000e-01  4.99045919e+00 
 9.50000000e-01  4.98963797e+00 
 9.60000000e-01  4.98877478e+00 
 9.70000000e-01  4.98786923e+00 
 9.80000000e-01  4.98692098e+00 
 9.90000000e-01  4.98592967e+00 
 1.00000000e+00  4.98489495e+00 
 1.01000000e+00  4.98381648e+00 
 1.02000000e+00  4.98269389e+00 
 1.03000000e+00  4.98152684e+00 
 1.04000000e+00  4.98031495e+00 
 1.05000000e+00  4.97905783e+00 
 1.06000000e+00  4.97775510e+00 
 1.07000000e+00  4.97640634e+00 
 1.08000000e+00  4.97501112e+00 
 1.09000000e+00  4.97356900e+00 
 1.10000000e+00  4.97207953e+00 
 1.11000000e+00  4.97054222e+00 
 1.12000000e+00  4.96895659e+00 
 1.13000000e+00  4.96732212e+00 
 1.14000000e+00  4.96563827e+00 
 1.15000000e+00  4.96390450e+00 
 1.16000000e+00  4.96212025e+00 
 1.17000000e+00  4.96028492e+00 
 1.18000000e+00  4.95839790e+00 
 1.19000000e+00  4.95645858e+00 
 1.20000000e+00  4.95446630e+00 
 1.21000000e+00  4.95242040e+00 
 1.22000000e+00  4.95032020e+00 
 1.23000000e+00  4.94816498e+00 
 1.24000000e+00  4.94595403e+00 
 1.25000000e+00  4.94368658e+00 
 1.26000000e+00  4.94136187e+00 
 1.27000000e+00  4.93897910e+00 
 1.28000000e+00  4.93653746e+00 
 1.29000000e+00  4.93403609e+00 
 1.30000000e+00  4.93147415e+00 
 1.31000000e+00  4.92885072e+00 
 1.32000000e+00  4.92616490e+00 
 1.33000000e+00  4.92341574e+00 
 1.34000000e+00  4.92060226e+00 
 1.35000000e+00  4.91772346e+00 
 1.36000000e+00  4.91477830e+00 
 1.37000000e+00  4.91176572e+00 
 1.38000000e+00  4.90868462e+00 
 1.39000000e+00  4.90553387e+00 
 1.40000000e+00  4.90231230e+00 
 1.41000000e+00  4.89901870e+00 
 1.42000000e+00  4.89565183e+00 
 1.43000000e+00  4.89221040e+00 
 1.44000000e+00  4.88869309e+00 
 1.45000000e+00  4.88509853e+00 
 1.46000000e+00  4.88142530e+00 
 1.47000000e+00  4.87767194e+00 
 1.48000000e+00  4.87383692e+00 
 1.49000000e+00  4.86991868e+00 
 1.50000000e+00  4.86591561e+00 
 1.51000000e+00  4.86182600e+00 
 1.52000000e+00  4.85764813e+00 
 1.53000000e+00  4.85338018e+00 
 1.54000000e+00  4.84902028e+00 
 1.55000000e+00  4.84456648e+00 
 1.56000000e+00  4.84001675e+00 
 1.57000000e+00  4.83536901e+00 
 1.58000000e+00  4.83062105e+00 
 1.59000000e+00  4.82577062e+00 
 1.60000000e+00  4.82081533e+00 
 1.61000000e+00  4.81575274e+00 
 1.62000000e+00  4.81058026e+00 
 1.63000000e+00  4.80529521e+00 
 1.64000000e+00  4.79989481e+00 
 1.65000000e+00  4.79437612e+00 
 1.66000000e+00  4.78873609e+00 
 1.67000000e+00  4.78297152e+00 
 1.68000000e+00  4.77707907e+00 
 1.69000000e+00  4.77105522e+00 
 1.70000000e+00  4.76489629e+00 
 1.71000000e+00  4.75859843e+00 
 1.72000000e+00  4.75215758e+00 
 1.73000000e+00  4.74556945e+00 
 1.74000000e+00  4.73882956e+00 
 1.75000000e+00  4.73193317e+00 
 1.76000000e+00  4.72487527e+00 
 1.77000000e+00  4.71765059e+00 
 1.78000000e+00  4.71025352e+00 
 1.79000000e+00  4.70267817e+00 
 1.80000000e+00  4.69491824e+00 
 1.81000000e+00  4.68696707e+00 
 1.82000000e+00  4.67881759e+00 
 1.83000000e+00  4.67046223e+00 
 1.84000000e+00  4.66189294e+00 
 1.85000000e+00  4.65310112e+00 
 1.86000000e+00  4.64407756e+00 
 1.87000000e+00  4.63481238e+00 
 1.88000000e+00  4.62529496e+00 
 1.89000000e+00  4.61551387e+00 
 1.90000000e+00  4.60545677e+00 
 1.91000000e+00  4.59511031e+00 
 1.92000000e+00  4.58446001e+00 
 1.93000000e+00  4.57349015e+00 
 1.94000000e+00  4.56218353e+00 
 1.95000000e+00  4.55052140e+00 
 1.96000000e+00  4.53848313e+00 
 1.97000000e+00  4.52604601e+00 
 1.98000000e+00  4.51318496e+00 
 1.99000000e+00  4.49987209e+00 
 2.00000000e+00  4.48607631e+00 
 2.01000000e+00  4.47176279e+00 
 2.02000000e+00  4.45689226e+00 
 2.03000000e+00  4.44142019e+00 
 2.04000000e+00  4.42529580e+00 
 2.05000000e+00  4.40846069e+00 
 2.06000000e+00  4.39084719e+00 
 2.07000000e+00  4.37237614e+00 
 2.08000000e+00  4.35295401e+00 
 2.09000000e+00  4.33246890e+00 
 2.10000000e+00  4.31078517e+00 
 2.11000000e+00  4.28773566e+00 
 2.12000000e+00  4.26311049e+00 
 2.13000000e+00  4.23664011e+00 
 2.14000000e+00  4.20796852e+00 
 2.15000000e+00  4.17660907e+00 
 2.16000000e+00  4.14186624e+00 
 2.17000000e+00  4.10268550e+00 
 2.18000000e+00  4.05733041e+00 
 2.19000000e+00  4.00256807e+00 
 2.20000000e+00  3.93103485e+00 
 2.21000000e+00  3.81221165e+00 
 2.22000000e+00  2.90281334e+00 
 2.23000000e+00  1.17913960e+00 
 2.24000000e+00  9.96549857e-01 
 2.25000000e+00  9.07926274e-01 
 2.26000000e+00  8.47729006e-01 
 2.27000000e+00  8.00308462e-01 
 2.28000000e+00  7.61333789e-01 
 2.29000000e+00  7.27668270e-01 
 2.30000000e+00  6.97876551e-01 
 2.31000000e+00  6.71071429e-01 
 2.32000000e+00  6.46642497e-01 
 2.33000000e+00  6.24157125e-01 
 2.34000000e+00  6.03297188e-01 
 2.35000000e+00  5.83821240e-01 
 2.36000000e+00  5.65541225e-01 
 2.37000000e+00  5.48307472e-01 
 2.38000000e+00  5.31998663e-01 
 2.39000000e+00  5.16514911e-01 
 2.40000000e+00  5.01772859e-01 
 2.41000000e+00  4.87702115e-01 
 2.42000000e+00  4.74242620e-01 
 2.43000000e+00  4.61342658e-01 
 2.44000000e+00  4.48957329e-01 
 2.45000000e+00  4.37047367e-01 
 2.46000000e+00  4.25578202e-01 
 2.47000000e+00  4.14519215e-01 
 2.48000000e+00  4.03843140e-01 
 2.49000000e+00  3.93525577e-01 
 2.50000000e+00  3.83544583e-01 
 2.51000000e+00  3.73880352e-01 
 2.52000000e+00  3.64514927e-01 
 2.53000000e+00  3.55431975e-01 
 2.54000000e+00  3.46616590e-01 
 2.55000000e+00  3.38055121e-01 
 2.56000000e+00  3.29735038e-01 
 2.57000000e+00  3.21644799e-01 
 2.58000000e+00  3.13773754e-01 
 2.59000000e+00  3.06112048e-01 
 2.60000000e+00  2.98650539e-01 
 2.61000000e+00  2.91380735e-01 
 2.62000000e+00  2.84294726e-01 
 2.63000000e+00  2.77385133e-01 
 2.64000000e+00  2.70645060e-01 
 2.65000000e+00  2.64068049e-01 
 2.66000000e+00  2.57648047e-01 
 2.67000000e+00  2.51379368e-01 
 2.68000000e+00  2.45256665e-01 
 2.69000000e+00  2.39274901e-01 
 2.70000000e+00  2.33429327e-01 
 2.71000000e+00  2.27715459e-01 
 2.72000000e+00  2.22129058e-01 
 2.73000000e+00  2.16666111e-01 
 2.74000000e+00  2.11322818e-01 
 2.75000000e+00  2.06095573e-01 
 2.76000000e+00  2.00980954e-01 
 2.77000000e+00  1.95975708e-01 
 2.78000000e+00  1.91076741e-01 
 2.79000000e+00  1.86281108e-01 
 2.80000000e+00  1.81586002e-01 
 2.81000000e+00  1.76988748e-01 
 2.82000000e+00  1.72486791e-01 
 2.83000000e+00  1.68077694e-01 
 2.84000000e+00  1.63759125e-01 
 2.85000000e+00  1.59528856e-01 
 2.86000000e+00  1.55384753e-01 
 2.87000000e+00  1.51324774e-01 
 2.88000000e+00  1.47346961e-01 
 2.89000000e+00  1.43449440e-01 
 2.90000000e+00  1.39630410e-01 
 2.91000000e+00  1.35888143e-01 
 2.92000000e+00  1.32220983e-01 
 2.93000000e+00  1.28627335e-01 
 2.94000000e+00  1.25105668e-01 
 2.95000000e+00  1.21654511e-01 
 2.96000000e+00  1.18272447e-01 
 2.97000000e+00  1.14958113e-01 
 2.98000000e+00  1.11710199e-01 
 2.99000000e+00  1.08527440e-01 
 3.00000000e+00  1.05408619e-01 
 3.01000000e+00  1.02352565e-01 
 3.02000000e+00  9.93581475e-02 
 3.03000000e+00  9.64242763e-02 
 3.04000000e+00  9.35499011e-02 
 3.05000000e+00  9.07340083e-02 
 3.06000000e+00  8.79756201e-02 
 3.07000000e+00  8.52737931e-02 
 3.08000000e+00  8.26276165e-02 
 3.09000000e+00  8.00362115e-02 
 3.10000000e+00  7.74987294e-02 
 3.11000000e+00  7.50143510e-02 
 3.12000000e+00  7.25822851e-02 
 3.13000000e+00  7.02017679e-02 
 3.14000000e+00  6.78720615e-02 
 3.15000000e+00  6.55924533e-02 
 3.16000000e+00  6.33622550e-02 
 3.17000000e+00  6.11808019e-02 
 3.18000000e+00  5.90474517e-02 
 3.19000000e+00  5.69615841e-02 
 3.20000000e+00  5.49225997e-02 
 3.21000000e+00  5.29299195e-02 
 3.22000000e+00  5.09829841e-02 
 3.23000000e+00  4.90812526e-02 
 3.24000000e+00  4.72242025e-02 
 3.25000000e+00  4.54113286e-02 
 3.26000000e+00  4.36421422e-02 
 3.27000000e+00  4.19161706e-02 
 3.28000000e+00  4.02329562e-02 
 3.29000000e+00  3.85920560e-02 
 3.30000000e+00  3.69930403e-02 
 3.31000000e+00  3.54354924e-02 
 3.32000000e+00  3.39190075e-02 
 3.33000000e+00  3.24431918e-02 
 3.34000000e+00  3.10076617e-02 
 3.35000000e+00  2.96120427e-02 
 3.36000000e+00  2.82559683e-02 
 3.37000000e+00  2.69390791e-02 
 3.38000000e+00  2.56610214e-02 
 3.39000000e+00  2.44214460e-02 
 3.40000000e+00  2.32200069e-02 
 3.41000000e+00  2.20563599e-02 
 3.42000000e+00  2.09301610e-02 
 3.43000000e+00  1.98410648e-02 
 3.44000000e+00  1.87887229e-02 
 3.45000000e+00  1.77727822e-02 
 3.46000000e+00  1.67928828e-02 
 3.47000000e+00  1.58486561e-02 
 3.48000000e+00  1.49397231e-02 
 3.49000000e+00  1.40656919e-02 
 3.50000000e+00  1.32261560e-02 
 3.51000000e+00  1.24206917e-02 
 3.52000000e+00  1.16488565e-02 
 3.53000000e+00  1.09101867e-02 
 3.54000000e+00  1.02041951e-02 
 3.55000000e+00  9.53036961e-03 
 3.56000000e+00  8.88817107e-03 
 3.57000000e+00  8.27703160e-03 
 3.58000000e+00  7.69635320e-03 
 3.59000000e+00  7.14550658e-03 
 3.60000000e+00  6.62383025e-03 
 3.61000000e+00  6.13062998e-03 
 3.62000000e+00  5.66517868e-03 
 3.63000000e+00  5.22671666e-03 
 3.64000000e+00  4.81445238e-03 
 3.65000000e+00  4.42756367e-03 
 3.66000000e+00  4.06519942e-03 
 3.67000000e+00  3.72648186e-03 
 3.68000000e+00  3.41050919e-03 
 3.69000000e+00  3.11635880e-03 
 3.70000000e+00  2.84309082e-03 
 3.71000000e+00  2.58975214e-03 
 3.72000000e+00  2.35538066e-03 
 3.73000000e+00  2.13900985e-03 
 3.74000000e+00  1.93967340e-03 
 3.75000000e+00  1.75641003e-03 
 3.76000000e+00  1.58826818e-03 
 3.77000000e+00  1.43431069e-03 
 3.78000000e+00  1.29361923e-03 
 3.79000000e+00  1.16529841e-03 
 3.80000000e+00  1.04847964e-03 
 3.81000000e+00  9.42324494e-04 
 3.82000000e+00  8.46027641e-04 
 3.83000000e+00  7.58819297e-04 
 3.84000000e+00  6.79967148e-04 
 3.85000000e+00  6.08777769e-04 
 3.86000000e+00  5.44597530e-04 
 3.87000000e+00  4.86813028e-04 
 3.88000000e+00  4.34851057e-04 
 3.89000000e+00  3.88178175e-04 
 3.90000000e+00  3.46299901e-04 
 3.91000000e+00  3.08759596e-04 
 3.92000000e+00  2.75137077e-04 
 3.93000000e+00  2.45047026e-04 
 3.94000000e+00  2.18137226e-04 
 3.95000000e+00  1.94086684e-04 
 3.96000000e+00  1.72603686e-04 
 3.97000000e+00  1.53423810e-04 
 3.98000000e+00  1.36307941e-04 
 3.99000000e+00  1.21040315e-04 
 4.00000000e+00  1.07426616e-04 
 4.01000000e+00  9.52921390e-05 
 4.02000000e+00  8.44800456e-05 
 4.03000000e+00  7.48497116e-05 
 4.04000000e+00  6.62751802e-05 
 4.05000000e+00  5.86437236e-05 
 4.06000000e+00  5.18545131e-05 
 4.07000000e+00  4.58173996e-05 
 4.08000000e+00  4.04517997e-05 
 4.09000000e+00  3.56856848e-05 
 4.10000000e+00  3.14546676e-05 
 4.11000000e+00  2.77011809e-05 
 4.12000000e+00  2.43737418e-05 
 4.13000000e+00  2.14262943e-05 
 4.14000000e+00  1.88176246e-05 
 4.15000000e+00  1.65108418e-05 
 4.16000000e+00  1.44729165e-05 
 4.17000000e+00  1.26742728e-05 
 4.18000000e+00  1.10884267e-05 
 4.19000000e+00  9.69166463e-06 
 4.20000000e+00  8.46275967e-06 
 4.21000000e+00  7.38271784e-06 
 4.22000000e+00  6.43455279e-06 
 4.23000000e+00  5.60308421e-06 
 4.24000000e+00  4.87475735e-06 
 4.25000000e+00  4.23748077e-06 
 4.26000000e+00  3.68048026e-06 
 4.27000000e+00  3.19416692e-06 
 4.28000000e+00  2.77001779e-06 
 4.29000000e+00  2.40046776e-06 
 4.30000000e+00  2.07881142e-06 
 4.31000000e+00  1.79911411e-06 
 4.32000000e+00  1.55613112e-06 
 4.33000000e+00  1.34523448e-06 
 4.34000000e+00  1.16234649e-06 
 4.35000000e+00  1.00387971e-06 
 4.36000000e+00  8.66682612e-07 
 4.37000000e+00  7.47990625e-07 
 4.38000000e+00  6.45381997e-07 
 4.39000000e+00  5.56738195e-07 
 4.40000000e+00  4.80208370e-07 
 4.41000000e+00  4.14177593e-07 
 4.42000000e+00  3.57238490e-07 
 4.43000000e+00  3.08166000e-07 
 4.44000000e+00  2.65894939e-07 
 4.45000000e+00  2.29500117e-07 
 4.46000000e+00  1.98178741e-07 
 4.47000000e+00  1.71234886e-07 
 4.48000000e+00  1.48065813e-07 
 4.49000000e+00  1.28149929e-07 
 4.50000000e+00  1.11036228e-07 
 4.51000000e+00  9.63350276e-08 
 4.52000000e+00  8.37098683e-08 
 4.53000000e+00  7.28704391e-08 
 4.54000000e+00  6.35664025e-08 
 4.55000000e+00  5.55820132e-08 
 4.56000000e+00  4.87314427e-08 
 4.57000000e+00  4.28547089e-08 
 4.58000000e+00  3.78141487e-08 
 4.59000000e+00  3.34913537e-08 
 4.60000000e+00  2.97845226e-08 
 4.61000000e+00  2.66061628e-08 
 4.62000000e+00  2.38811069e-08 
 4.63000000e+00  2.15447975e-08 
 4.64000000e+00  1.95418075e-08 
 4.65000000e+00  1.78245606e-08 
 4.66000000e+00  1.63522327e-08 
 4.67000000e+00  1.50898000e-08 
 4.68000000e+00  1.40072228e-08 
 4.69000000e+00  1.30787415e-08 
 4.70000000e+00  1.22822699e-08 
 4.71000000e+00  1.15988775e-08 
 4.72000000e+00  1.10123391e-08 
 4.73000000e+00  1.05087505e-08 
 4.74000000e+00  1.00761990e-08 
 4.75000000e+00  9.70447895e-09 
 4.76000000e+00  9.38484900e-09 
 4.77000000e+00  9.10982082e-09 
 4.78000000e+00  8.87298321e-09 
 4.79000000e+00  8.66884412e-09 
 4.80000000e+00  8.49270299e-09 
 4.81000000e+00  8.34053402e-09 
 4.82000000e+00  8.20889124e-09 
 4.83000000e+00  8.09482374e-09 
 4.84000000e+00  7.99580723e-09 
 4.85000000e+00  7.90967922e-09 
 4.86000000e+00  7.83458983e-09 
 4.87000000e+00  7.76895575e-09 
 4.88000000e+00  7.71142114e-09 
 4.89000000e+00  7.66082686e-09 
 4.90000000e+00  7.61617926e-09 
 4.91000000e+00  7.57662974e-09 
 4.92000000e+00  7.54145057e-09 
 4.93000000e+00  7.51002055e-09 
 4.94000000e+00  7.48180643e-09 
 4.95000000e+00  7.45635291e-09 
 4.96000000e+00  7.43327060e-09 
 4.97000000e+00  7.41222496e-09 
 4.98000000e+00  7.39293138e-09 
 4.99000000e+00  7.37514504e-09 
 5.00000000e+00  7.35865660e-09 
